precision: 0.901498246732547
recall: 0.901498246732547
coverage: 1
f1: 0.901498246732547