precision: 0.8800488931142197
recall: 0.8800488931142197
coverage: 1
f1: 0.8800488931142197